122077176	1
3244714110	1
2464953955	1
3233325308	1
2895032444	1
3292941550	1
33211168	1
187028500	1
3383239815	1
3385967848	1
41401673	1
3189717513	1
3152501892	1
1569475945	1
505110999	1
799529424	1
3312653851	1
3688450693	1
3014398348	1
282966767	1
587035713	1
3219687284	1
3438185938	1
14626205	1
4157896858	1
3320971104	1
471071695	1
168437973	1
112802789	1
3249478862	1
909537120	1
2751596682	1
1515532488	1
56843122	1
3387713409	1
3625395143	1
1694387767	1
892569745	1
2175697710	1
3432336101	1
2952698183	1
533388903	1
260866109	1
2331663196	1
3167484837	1
27051027	1
758034006	1
32737005	1
3378614589	1
2865679427	1
63524061	1
2874783978	1
2574267014	1
224252173	1
3692158217	1
1651770265	1
2309509747	1
2951281068	1
3244949806	1
512276319	1
3199654396	1
292005138	1
2995344139	1
1797824780	1
3145976002	1
2750110050	1
3184592250	1
3396939995	1
3160025664	1
2482090896	1
1035280226	1
3889616472	1
17621767	1
3483877814	1
3309257997	1
3241481532	1
250972909	1
3243073841	1
1661470322	1
2741930067	1
2795282804	1
463256144	1
3228822575	1
3709252467	1
260800657	1
2157063013	1
703335756	1
29488860	1
1908706016	1
1975395252	1
1927273747	1
392501209	1
21336054	1
90880405	1
181572101	1
2758991280	1
935717924	1
1834095612	1
3013038044	1
375437372	1
843730418	1
2285335026	1